[app/ui]
version = 8.0.2.1
modtime = 1588040138.119089000

[app/launcher]
version = 8.0.2.1
modtime = 1588040138.125065000
